1758	2015	2015	0001	ACURA     	 
1759	2015	2015	0006	AUDI      	 
1760	2015	2015	0010	BMW       	 
1761	2015	2015	0011	BUICK     	 
1762	2015	2015	0012	CADILLAC  	 
1763	2015	2015	0014	CHEVROLET 	 
1764	2015	2015	0015	CHRYSLER  	 
1765	2015	2015	0020	DODGE     	 
1766	2015	2015	0023	FIAT      	 
1767	2015	2015	0024	FORD      	 
1768	2015	2015	0025	GMC       	 
1769	2015	2015	0026	HONDA     	 
1770	2015	2015	0074	HUMMER    	 
1771	2015	2015	0027	HYUNDAI   	 
1772	2015	2015	0029	INFINITI  	 
1773	2015	2015	0031	ISUZU     	 
1774	2015	2015	0032	JAGUAR    	 
1775	2015	2015	0033	JEEP      	 
1776	2015	2015	0077	KIA       	 
1777	2015	2015	0075	LAND ROVER	 
1778	2015	2015	0035	LEXUS     	 
1779	2015	2015	0066	LINCOLN   	 
1780	2015	2015	0039	MAZDA     	 
1781	2015	2015	0041	MERCURY   	 
1782	2015	2015	0081	MINI      	 
1783	2015	2015	0043	MITSUBISHI	 
1784	2015	2015	0040	MRCDS BENZ	 
1785	2015	2015	0067	NISSAN    	 
1786	2015	2015	0045	OLDSMOBILE	 
1787	2015	2015	0050	PONTIAC   	 
1788	2015	2015	0051	PORSCHE   	 
1789	2015	2015	0085	RAM       	 
1790	2015	2015	0054	SAAB      	 
1791	2015	2015	0055	SATURN    	 
1792	2015	2015	0082	SCION     	 
1793	2015	2015	0084	SMART     	 
1794	2015	2015	0057	SUBARU    	 
1795	2015	2015	0058	SUZUKI    	 
1796	2015	2015	0061	TOYOTA    	 
1797	2015	2015	0062	VOLKSWAGEN	 
1798	2015	2015	0063	VOLVO     	 
950	1997	1997	0002	ALFA ROMEO	 
951	1997	1997	0074	AM GENERAL	Y
952	1997	1997	0006	AUDI      	 
953	1997	1997	0010	BMW       	 
954	1997	1997	0011	BUICK     	 
955	1997	1997	0012	CADILLAC  	 
956	1997	1997	0014	CHEVROLET 	 
957	1997	1997	0015	CHRYSLER  	 
958	1997	1997	0020	DODGE     	 
959	1997	1997	0021	EAGLE     	 
960	1997	1997	0024	FORD      	 
961	1997	1997	0065	GEO       	Y
962	1997	1997	0025	GMC       	 
963	1997	1997	0026	HONDA     	 
964	1997	1997	0027	HYUNDAI   	 
965	1997	1997	0029	INFINITI  	 
966	1997	1997	0031	ISUZU     	 
967	1997	1997	0032	JAGUAR    	 
968	1997	1997	0033	JEEP      	 
969	1997	1997	0075	LAND ROVER	 
970	1997	1997	0035	LEXUS     	 
971	1997	1997	0066	LINCOLN   	 
972	1997	1997	0039	MAZDA     	 
973	1997	1997	0041	MERCURY   	 
974	1997	1997	0043	MITSUBISHI	 
975	1997	1997	0040	MRCDS BENZ	 
976	1997	1997	0067	NISSAN    	 
977	1997	1997	0045	OLDSMOBILE	 
978	1997	1997	0049	PLYMOUTH  	 
979	1997	1997	0050	PONTIAC   	 
980	1997	1997	0051	PORSCHE   	 
981	1997	1997	0054	SAAB      	 
982	1997	1997	0055	SATURN    	 
983	1997	1997	0057	SUBARU    	 
984	1997	1997	0058	SUZUKI    	 
985	1997	1997	0061	TOYOTA    	 
986	1997	1997	0062	VOLKSWAGEN	 
987	1997	1997	0063	VOLVO     	 
1212	2003	2003	0024	FORD      	 
1213	2003	2003	0025	GMC       	 
1214	2003	2003	0026	HONDA     	 
1215	2003	2003	0027	HYUNDAI   	 
1216	2003	2003	0029	INFINITI  	 
1217	2003	2003	0031	ISUZU     	 
1218	2003	2003	0032	JAGUAR    	 
1219	2003	2003	0033	JEEP      	 
1220	2003	2003	0077	KIA       	 
1221	2003	2003	0075	LAND ROVER	 
1222	2003	2003	0035	LEXUS     	 
1223	2003	2003	0066	LINCOLN   	 
1224	2003	2003	0039	MAZDA     	 
1225	2003	2003	0041	MERCURY   	 
1226	2003	2003	0043	MITSUBISHI	 
1227	2003	2003	0040	MRCDS BENZ	 
1228	2003	2003	0067	NISSAN    	 
1229	2003	2003	0045	OLDSMOBILE	 
1230	2003	2003	0050	PONTIAC   	 
1231	2003	2003	0051	PORSCHE   	 
1232	2003	2003	0054	SAAB      	 
1233	2003	2003	0055	SATURN    	 
1234	2003	2003	0057	SUBARU    	 
1235	2003	2003	0058	SUZUKI    	 
1236	2003	2003	0061	TOYOTA    	 
1237	2003	2003	0062	VOLKSWAGEN	 
1238	2003	2003	0063	VOLVO     	 
1239	2003	2003	0081	MINI      	 
1241	2004	2004	0001	ACURA     	 
1242	2004	2004	0006	AUDI      	 
1243	2004	2004	0010	BMW       	 
1244	2004	2004	0011	BUICK     	 
1245	2004	2004	0012	CADILLAC  	 
1246	2004	2004	0014	CHEVROLET 	 
1247	2004	2004	0015	CHRYSLER  	 
1248	2004	2004	0020	DODGE     	 
1249	2004	2004	0024	FORD      	 
1250	2004	2004	0025	GMC       	 
1251	2004	2004	0026	HONDA     	 
1252	2004	2004	0074	HUMMER    	 
1253	2004	2004	0027	HYUNDAI   	 
1254	2004	2004	0029	INFINITI  	 
1255	2004	2004	0031	ISUZU     	 
1256	2004	2004	0032	JAGUAR    	 
1257	2004	2004	0033	JEEP      	 
1258	2004	2004	0077	KIA       	 
1259	2004	2004	0075	LAND ROVER	 
1260	2004	2004	0035	LEXUS     	 
1261	2004	2004	0066	LINCOLN   	 
1262	2004	2004	0039	MAZDA     	 
1263	2004	2004	0041	MERCURY   	 
1264	2004	2004	0081	MINI      	 
1265	2004	2004	0043	MITSUBISHI	 
1266	2004	2004	0040	MRCDS BENZ	 
1267	2004	2004	0067	NISSAN    	 
1268	2004	2004	0045	OLDSMOBILE	 
1269	2004	2004	0050	PONTIAC   	 
1270	2004	2004	0051	PORSCHE   	 
1271	2004	2004	0054	SAAB      	 
1272	2004	2004	0055	SATURN    	 
1273	2004	2004	0057	SUBARU    	 
1274	2004	2004	0058	SUZUKI    	 
1275	2004	2004	0061	TOYOTA    	 
1276	2004	2004	0062	VOLKSWAGEN	 
1277	2004	2004	0063	VOLVO     	 
1278	2004	2004	0082	SCION     	 
1279	2005	2005	0001	ACURA     	 
1280	2005	2005	0006	AUDI      	 
1281	2005	2005	0010	BMW       	 
1282	2005	2005	0011	BUICK     	 
1283	2005	2005	0012	CADILLAC  	 
1284	2005	2005	0014	CHEVROLET 	 
1285	2005	2005	0015	CHRYSLER  	 
1286	2005	2005	0020	DODGE     	 
1287	2005	2005	0024	FORD      	 
1288	2005	2005	0025	GMC       	 
1289	2005	2005	0026	HONDA     	 
1290	2005	2005	0074	HUMMER    	 
1291	2005	2005	0027	HYUNDAI   	 
1292	2005	2005	0029	INFINITI  	 
1293	2005	2005	0031	ISUZU     	 
1294	2005	2005	0032	JAGUAR    	 
1295	2005	2005	0033	JEEP      	 
1296	2005	2005	0077	KIA       	 
1297	2005	2005	0075	LAND ROVER	 
1298	2005	2005	0035	LEXUS     	 
1299	2005	2005	0066	LINCOLN   	 
1300	2005	2005	0039	MAZDA     	 
1301	2005	2005	0041	MERCURY   	 
1302	2005	2005	0081	MINI      	 
1303	2005	2005	0043	MITSUBISHI	 
1304	2005	2005	0040	MRCDS BENZ	 
1305	2005	2005	0067	NISSAN    	 
1306	2005	2005	0045	OLDSMOBILE	 
1307	2005	2005	0050	PONTIAC   	 
1308	2005	2005	0051	PORSCHE   	 
1309	2005	2005	0054	SAAB      	 
1310	2005	2005	0055	SATURN    	 
1311	2005	2005	0082	SCION     	 
1312	2005	2005	0057	SUBARU    	 
1313	2005	2005	0058	SUZUKI    	 
1314	2005	2005	0061	TOYOTA    	 
1315	2005	2005	0062	VOLKSWAGEN	 
1316	2005	2005	0063	VOLVO     	 
1317	2006	2006	0010	BMW       	 
1318	2006	2006	0015	CHRYSLER  	 
1319	2006	2006	0043	MITSUBISHI	 
1320	2006	2006	0074	HUMMER    	 
1321	2006	2006	0027	HYUNDAI   	 
1322	2006	2006	0061	TOYOTA    	 
1323	2006	2006	0029	INFINITI  	 
1324	2006	2006	0035	LEXUS     	 
1325	2006	2006	0040	MRCDS BENZ	 
1326	2006	2006	0050	PONTIAC   	 
1327	2006	2006	0083	AUDI A8   	Y
1328	2006	2006	0006	AUDI      	 
1329	2006	2006	0055	SATURN    	 
1330	2006	2006	0001	ACURA     	 
1331	2006	2006	0011	BUICK     	 
1332	2006	2006	0012	CADILLAC  	 
1333	2006	2006	0014	CHEVROLET 	 
1334	2006	2006	0020	DODGE     	 
1335	2006	2006	0024	FORD      	 
1336	2006	2006	0025	GMC       	 
1337	2006	2006	0026	HONDA     	 
1338	2006	2006	0031	ISUZU     	 
1339	2006	2006	0032	JAGUAR    	 
1340	2006	2006	0033	JEEP      	 
1341	2006	2006	0077	KIA       	 
1342	2006	2006	0075	LAND ROVER	 
1343	2006	2006	0066	LINCOLN   	 
1344	2006	2006	0039	MAZDA     	 
672	1990	1990	0054	SAAB      	 
673	1990	1990	0056	STERLING  	 
674	1990	1990	0057	SUBARU    	 
675	1990	1990	0058	SUZUKI    	 
676	1990	1990	0061	TOYOTA    	 
677	1990	1990	0062	VOLKSWAGEN	 
678	1990	1990	0063	VOLVO     	 
679	1990	1990	0064	YUGO      	 
680	1990	1990	0065	GEO       	Y
681	1990	1990	0066	LINCOLN   	 
682	1990	1990	0067	NISSAN    	 
683	1990	1990	0068	RANGE ROVE	 
684	1991	1991	0001	ACURA     	 
685	1991	1991	0002	ALFA ROMEO	 
686	1991	1991	0006	AUDI      	 
687	1991	1991	0010	BMW       	 
688	1991	1991	0011	BUICK     	 
689	1991	1991	0012	CADILLAC  	 
690	1991	1991	0014	CHEVROLET 	 
691	1991	1991	0015	CHRYSLER  	 
692	1991	1991	0018	DAIHATSU  	 
693	1991	1991	0020	DODGE     	 
694	1991	1991	0021	EAGLE     	 
695	1991	1991	0024	FORD      	 
696	1991	1991	0025	GMC       	 
697	1991	1991	0026	HONDA     	 
698	1991	1991	0027	HYUNDAI   	 
699	1991	1991	0029	INFINITI  	 
700	1991	1991	0032	JAGUAR    	 
701	1991	1991	0033	JEEP      	 
702	1991	1991	0035	LEXUS     	 
703	1991	1991	0036	LINCN CONT	Y
704	1991	1991	0038	MASERATI  	 
705	1991	1991	0040	MRCDS BENZ	 
706	1991	1991	0041	MERCURY   	 
707	1991	1991	0043	MITSUBISHI	 
708	1991	1991	0044	NISSN/DTSN	Y
709	1991	1991	0045	OLDSMOBILE	 
710	1991	1991	0047	PEUGEOT   	 
711	1991	1991	0049	PLYMOUTH  	 
712	1991	1991	0050	PONTIAC   	 
713	1991	1991	0051	PORSCHE   	 
714	1991	1991	0053	ROVER     	Y
715	1991	1991	0054	SAAB      	 
716	1991	1991	0055	SATURN    	 
717	1991	1991	0056	STERLING  	 
718	1991	1991	0057	SUBARU    	 
719	1991	1991	0058	SUZUKI    	 
720	1991	1991	0061	TOYOTA    	 
721	1991	1991	0062	VOLKSWAGEN	 
722	1991	1991	0063	VOLVO     	 
723	1991	1991	0008	AVANTI    	 
724	1991	1991	0065	GEO       	Y
725	1991	1991	0031	ISUZU     	 
362	1983	1983	0044	NISSN/DTSN	Y
363	1983	1983	0045	OLDSMOBILE	 
364	1983	1983	0047	PEUGEOT   	 
365	1983	1983	0049	PLYMOUTH  	 
366	1983	1983	0050	PONTIAC   	 
367	1983	1983	0051	PORSCHE   	 
368	1983	1983	0052	RENAULT   	 
369	1983	1983	0054	SAAB      	 
370	1983	1983	0057	SUBARU    	 
371	1983	1983	0061	TOYOTA    	 
372	1983	1983	0062	VOLKSWAGEN	 
373	1983	1983	0063	VOLVO     	 
374	1983	1983	0066	LINCOLN   	 
375	1984	1984	0002	ALFA ROMEO	 
376	1984	1984	0003	AM. MOTORS	 
377	1984	1984	0006	AUDI      	 
378	1984	1984	0008	AVANTI    	 
379	1984	1984	0009	BERTONE   	 
380	1984	1984	0010	BMW       	 
381	1984	1984	0011	BUICK     	 
382	1984	1984	0012	CADILLAC  	 
383	1984	1984	0014	CHEVROLET 	 
384	1984	1984	0015	CHRYSLER  	 
385	1984	1984	0020	DODGE     	 
386	1984	1984	0022	FERRARI   	 
387	1984	1984	0024	FORD      	 
388	1984	1984	0025	GMC       	 
389	1984	1984	0026	HONDA     	 
390	1984	1984	0031	ISUZU     	 
391	1984	1984	0032	JAGUAR    	 
392	1984	1984	0033	JEEP      	 
393	1984	1984	0036	LINCN CONT	Y
394	1984	1984	0038	MASERATI  	 
395	1984	1984	0039	MAZDA     	 
396	1984	1984	0040	MRCDS BENZ	 
397	1984	1984	0041	MERCURY   	 
398	1984	1984	0043	MITSUBISHI	 
399	1984	1984	0044	NISSN/DTSN	Y
400	1984	1984	0045	OLDSMOBILE	 
401	1984	1984	0047	PEUGEOT   	 
402	1984	1984	0048	PINIFORNIA	Y
403	1984	1984	0049	PLYMOUTH  	 
404	1984	1984	0050	PONTIAC   	 
405	1984	1984	0051	PORSCHE   	 
406	1984	1984	0052	RENAULT   	 
407	1984	1984	0054	SAAB      	 
408	1984	1984	0057	SUBARU    	 
409	1984	1984	0060	TVR       	 
410	1984	1984	0061	TOYOTA    	 
411	1984	1984	0062	VOLKSWAGEN	 
412	1984	1984	0063	VOLVO     	 
413	1984	1984	0066	LINCOLN   	 
414	1984	1984	0067	NISSAN    	 
415	1985	1985	0002	ALFA ROMEO	 
416	1985	1985	0003	AM. MOTORS	 
417	1985	1985	0006	AUDI      	 
418	1985	1985	0008	AVANTI    	 
419	1985	1985	0009	BERTONE   	 
420	1985	1985	0010	BMW       	 
421	1985	1985	0011	BUICK     	 
422	1985	1985	0012	CADILLAC  	 
423	1985	1985	0014	CHEVROLET 	 
424	1985	1985	0015	CHRYSLER  	 
425	1985	1985	0020	DODGE     	 
426	1985	1985	0022	FERRARI   	 
427	1985	1985	0024	FORD      	 
428	1985	1985	0025	GMC       	 
1154	2001	2001	0079	DAEWOO    	 
1155	2002	2002	0001	ACURA     	 
1194	1982	1982	0067	NISSAN    	 
1196	1980	1980	0067	NISSAN    	Y
1198	1978	1978	0067	NISSAN    	Y
1200	1976	1976	0067	NISSAN    	Y
1203	2003	2003	0001	ACURA     	 
1205	2003	2003	0010	BMW       	 
1207	2003	2003	0012	CADILLAC  	 
1209	2003	2003	0015	CHRYSLER  	 
1211	2003	2003	0020	DODGE     	 
560	1988	1988	0025	GMC       	 
561	1988	1988	0026	HONDA     	 
562	1988	1988	0027	HYUNDAI   	 
563	1988	1988	0031	ISUZU     	 
564	1988	1988	0032	JAGUAR    	 
565	1988	1988	0033	JEEP      	 
566	1988	1988	0036	LINCN CONT	Y
567	1988	1988	0039	MAZDA     	 
568	1988	1988	0040	MRCDS BENZ	 
569	1988	1988	0041	MERCURY   	 
570	1988	1988	0043	MITSUBISHI	 
571	1988	1988	0044	NISSN/DTSN	Y
572	1988	1988	0045	OLDSMOBILE	 
573	1988	1988	0047	PEUGEOT   	 
574	1988	1988	0049	PLYMOUTH  	 
575	1988	1988	0050	PONTIAC   	 
576	1988	1988	0051	PORSCHE   	 
577	1988	1988	0052	RENAULT   	 
578	1988	1988	0053	ROVER     	Y
579	1988	1988	0054	SAAB      	 
580	1988	1988	0057	SUBARU    	 
581	1988	1988	0058	SUZUKI    	 
582	1988	1988	0061	TOYOTA    	 
583	1988	1988	0062	VOLKSWAGEN	 
584	1988	1988	0063	VOLVO     	 
585	1988	1988	0064	YUGO      	 
586	1988	1988	0069	AUSTIN ROV	Y
587	1988	1988	0066	LINCOLN   	 
588	1988	1988	0067	NISSAN    	 
589	1988	1988	0005	ASTN MARTN	Y
590	1988	1988	0068	RANGE ROVE	 
591	1989	1989	0001	ACURA     	 
592	1989	1989	0002	ALFA ROMEO	 
593	1989	1989	0006	AUDI      	 
594	1989	1989	0008	AVANTI    	 
595	1989	1989	0010	BMW       	 
596	1989	1989	0011	BUICK     	 
597	1989	1989	0012	CADILLAC  	 
598	1989	1989	0014	CHEVROLET 	 
599	1989	1989	0015	CHRYSLER  	 
600	1989	1989	0018	DAIHATSU  	 
601	1989	1989	0020	DODGE     	 
602	1989	1989	0021	EAGLE     	 
603	1989	1989	0022	FERRARI   	 
604	1989	1989	0024	FORD      	 
605	1989	1989	0025	GMC       	 
606	1989	1989	0026	HONDA     	 
607	1989	1989	0027	HYUNDAI   	 
608	1989	1989	0031	ISUZU     	 
609	1989	1989	0032	JAGUAR    	 
610	1989	1989	0033	JEEP      	 
611	1989	1989	0036	LINCN CONT	Y
612	1989	1989	0038	MASERATI  	 
613	1989	1989	0039	MAZDA     	 
614	1989	1989	0040	MRCDS BENZ	 
615	1989	1989	0041	MERCURY   	 
616	1989	1989	0043	MITSUBISHI	 
617	1989	1989	0044	NISSN/DTSN	Y
618	1989	1989	0045	OLDSMOBILE	 
619	1989	1989	0047	PEUGEOT   	 
620	1989	1989	0049	PLYMOUTH  	 
621	1989	1989	0050	PONTIAC   	 
622	1989	1989	0051	PORSCHE   	 
623	1989	1989	0053	ROVER     	Y
624	1989	1989	0054	SAAB      	 
625	1989	1989	0056	STERLING  	 
626	1989	1989	0057	SUBARU    	 
627	1989	1989	0058	SUZUKI    	 
628	1989	1989	0061	TOYOTA    	 
629	1989	1989	0062	VOLKSWAGEN	 
630	1989	1989	0063	VOLVO     	 
631	1989	1989	0064	YUGO      	 
632	1989	1989	0065	GEO       	Y
633	1989	1989	0066	LINCOLN   	 
634	1989	1989	0067	NISSAN    	 
635	1989	1989	0068	RANGE ROVE	 
636	1990	1990	0001	ACURA     	 
637	1990	1990	0002	ALFA ROMEO	 
638	1990	1990	0004	ARO       	Y
639	1990	1990	0006	AUDI      	 
640	1990	1990	0008	AVANTI    	 
641	1990	1990	0010	BMW       	 
642	1990	1990	0011	BUICK     	 
215	1979	1979	0073	DATSUN    	Y
216	1980	1980	0002	ALFA ROMEO	Y
217	1980	1980	0003	AM. MOTORS	Y
218	1980	1980	0005	ASTN MARTN	Y
219	1980	1980	0006	AUDI      	Y
220	1980	1980	0008	AVANTI    	Y
221	1980	1980	0010	BMW       	Y
222	1980	1980	0011	BUICK     	Y
223	1980	1980	0012	CADILLAC  	Y
1515	2011	2011	0001	ACURA     	 
1516	2011	2011	0006	AUDI      	 
1517	2011	2011	0083	AUDI A8   	Y
1518	2011	2011	0010	BMW       	 
1519	2011	2011	0011	BUICK     	 
1520	2011	2011	0012	CADILLAC  	 
1521	2011	2011	0014	CHEVROLET 	 
1522	2011	2011	0015	CHRYSLER  	 
1523	2011	2011	0020	DODGE     	 
1524	2011	2011	0024	FORD      	 
1525	2011	2011	0025	GMC       	 
1526	2011	2011	0026	HONDA     	 
1527	2011	2011	0074	HUMMER    	 
1528	2011	2011	0027	HYUNDAI   	 
1529	2011	2011	0029	INFINITI  	 
1530	2011	2011	0031	ISUZU     	 
1531	2011	2011	0032	JAGUAR    	 
1532	2011	2011	0033	JEEP      	 
1533	2011	2011	0077	KIA       	 
1534	2011	2011	0075	LAND ROVER	 
1535	2011	2011	0035	LEXUS     	 
1536	2011	2011	0066	LINCOLN   	 
1537	2011	2011	0039	MAZDA     	 
1538	2011	2011	0041	MERCURY   	 
1539	2011	2011	0081	MINI      	 
1540	2011	2011	0043	MITSUBISHI	 
1541	2011	2011	0040	MRCDS BENZ	 
1542	2011	2011	0067	NISSAN    	 
1543	2011	2011	0045	OLDSMOBILE	 
1544	2011	2011	0050	PONTIAC   	 
1545	2011	2011	0051	PORSCHE   	 
1546	2011	2011	0054	SAAB      	 
1547	2011	2011	0055	SATURN    	 
1548	2011	2011	0082	SCION     	 
1549	2011	2011	0084	SMART     	 
1550	2011	2011	0057	SUBARU    	 
1551	2011	2011	0058	SUZUKI    	 
1552	2011	2011	0061	TOYOTA    	 
1553	2011	2011	0062	VOLKSWAGEN	 
1554	2011	2011	0063	VOLVO     	 
1555	2012	2012	0001	ACURA     	 
1556	2012	2012	0006	AUDI      	 
1557	2012	2012	0083	AUDI A8   	Y
1558	2012	2012	0010	BMW       	 
1559	2012	2012	0011	BUICK     	 
1560	2012	2012	0012	CADILLAC  	 
1561	2012	2012	0014	CHEVROLET 	 
1562	2012	2012	0015	CHRYSLER  	 
1563	2012	2012	0020	DODGE     	 
1564	2012	2012	0024	FORD      	 
1565	2012	2012	0025	GMC       	 
1566	2012	2012	0026	HONDA     	 
1567	2012	2012	0074	HUMMER    	 
1568	2012	2012	0027	HYUNDAI   	 
726	1991	1991	0066	LINCOLN   	 
727	1991	1991	0037	LOTUS     	 
728	1991	1991	0039	MAZDA     	 
729	1991	1991	0067	NISSAN    	 
730	1991	1991	0068	RANGE ROVE	 
731	1991	1991	0064	YUGO      	 
732	1992	1992	0065	GEO       	Y
733	1992	1992	0001	ACURA     	 
734	1992	1992	0002	ALFA ROMEO	 
735	1992	1992	0006	AUDI      	 
736	1992	1992	0010	BMW       	 
737	1992	1992	0011	BUICK     	 
738	1992	1992	0012	CADILLAC  	 
739	1992	1992	0014	CHEVROLET 	 
740	1992	1992	0015	CHRYSLER  	 
741	1992	1992	0018	DAIHATSU  	 
742	1992	1992	0020	DODGE     	 
743	1992	1992	0021	EAGLE     	 
744	1992	1992	0024	FORD      	 
745	1992	1992	0025	GMC       	 
746	1992	1992	0026	HONDA     	 
747	1992	1992	0027	HYUNDAI   	 
748	1992	1992	0029	INFINITI  	 
749	1992	1992	0032	JAGUAR    	 
750	1992	1992	0033	JEEP      	 
751	1992	1992	0035	LEXUS     	 
752	1992	1992	0066	LINCOLN   	 
753	1992	1992	0038	MASERATI  	Y
754	1992	1992	0040	MRCDS BENZ	 
755	1992	1992	0041	MERCURY   	 
756	1992	1992	0043	MITSUBISHI	 
757	1992	1992	0067	NISSAN    	 
758	1992	1992	0045	OLDSMOBILE	 
759	1992	1992	0047	PEUGEOT   	Y
760	1992	1992	0049	PLYMOUTH  	 
761	1992	1992	0050	PONTIAC   	 
762	1992	1992	0051	PORSCHE   	 
763	1992	1992	0068	RANGE ROVE	 
764	1992	1992	0054	SAAB      	 
765	1992	1992	0055	SATURN    	 
766	1992	1992	0056	STERLING  	Y
767	1992	1992	0057	SUBARU    	 
768	1992	1992	0058	SUZUKI    	 
769	1992	1992	0061	TOYOTA    	 
770	1992	1992	0062	VOLKSWAGEN	 
771	1992	1992	0063	VOLVO     	 
772	1992	1992	0008	AVANTI    	 
773	1992	1992	0031	ISUZU     	 
1071	1999	1999	0079	DAEWOO    	 
1072	1999	1999	0027	HYUNDAI   	 
1073	1999	1999	0062	VOLKSWAGEN	 
1074	1999	1999	0075	LAND ROVER	 
1075	2000	2000	0001	ACURA     	 
1076	2000	2000	0006	AUDI      	 
1077	2000	2000	0010	BMW       	 
1078	2000	2000	0011	BUICK     	 
1079	2000	2000	0012	CADILLAC  	 
1080	2000	2000	0014	CHEVROLET 	 
1081	2000	2000	0015	CHRYSLER  	 
1082	2000	2000	0079	DAEWOO    	 
1083	2000	2000	0020	DODGE     	 
1084	2000	2000	0021	EAGLE     	 
1085	2000	2000	0024	FORD      	 
1086	2000	2000	0025	GMC       	 
1087	2000	2000	0026	HONDA     	 
1088	2000	2000	0027	HYUNDAI   	 
1089	2000	2000	0029	INFINITI  	 
1090	2000	2000	0031	ISUZU     	 
1091	2000	2000	0032	JAGUAR    	 
1092	2000	2000	0033	JEEP      	 
1093	2000	2000	0077	KIA       	 
1094	2000	2000	0035	LEXUS     	 
1095	2000	2000	0066	LINCOLN   	 
1096	2000	2000	0039	MAZDA     	 
1097	2000	2000	0076	MBNZ      	Y
1098	2000	2000	0041	MERCURY   	 
1099	2000	2000	0043	MITSUBISHI	 
1100	2000	2000	0040	MRCDS BENZ	 
1101	2000	2000	0067	NISSAN    	 
1102	2000	2000	0044	NISSN/DTSN	Y
1103	2000	2000	0045	OLDSMOBILE	 
1104	2000	2000	0049	PLYMOUTH  	 
1105	2000	2000	0050	PONTIAC   	 
1106	2000	2000	0051	PORSCHE   	 
1107	2000	2000	0053	ROVER     	Y
1108	2000	2000	0054	SAAB      	 
1109	2000	2000	0055	SATURN    	 
1110	2000	2000	0057	SUBARU    	 
1111	2000	2000	0058	SUZUKI    	 
1112	2000	2000	0061	TOYOTA    	 
1113	2000	2000	0078	VOLKSWAGON	Y
1114	2000	2000	0063	VOLVO     	 
1115	2000	2000	0062	VOLKSWAGEN	 
1116	2000	2000	0075	LAND ROVER	 
1117	2001	2001	0045	OLDSMOBILE	 
1118	2001	2001	0015	CHRYSLER  	 
1119	2001	2001	0024	FORD      	 
1120	2001	2001	0001	ACURA     	 
1121	2001	2001	0006	AUDI      	 
1122	2001	2001	0010	BMW       	 
1123	2001	2001	0011	BUICK     	 
1124	2001	2001	0012	CADILLAC  	 
1125	2001	2001	0014	CHEVROLET 	 
1126	2001	2001	0080	DAEWOOD   	Y
1127	2001	2001	0020	DODGE     	 
1128	2001	2001	0025	GMC       	 
1129	2001	2001	0026	HONDA     	 
1130	2001	2001	0027	HYUNDAI   	 
1131	2001	2001	0029	INFINITI  	 
1132	2001	2001	0031	ISUZU     	 
1133	2001	2001	0032	JAGUAR    	 
1134	2001	2001	0033	JEEP      	 
1135	2001	2001	0077	KIA       	 
1136	2001	2001	0035	LEXUS     	 
1137	2001	2001	0066	LINCOLN   	 
1138	2001	2001	0039	MAZDA     	 
1139	2001	2001	0041	MERCURY   	 
1140	2001	2001	0043	MITSUBISHI	 
1141	2001	2001	0040	MRCDS BENZ	 
1142	2001	2001	0067	NISSAN    	 
1143	2001	2001	0049	PLYMOUTH  	 
1144	2001	2001	0050	PONTIAC   	 
1145	2001	2001	0051	PORSCHE   	 
1146	2001	2001	0054	SAAB      	 
1147	2001	2001	0075	LAND ROVER	 
1148	2001	2001	0055	SATURN    	 
1149	2001	2001	0057	SUBARU    	 
1150	2001	2001	0058	SUZUKI    	 
1151	2001	2001	0061	TOYOTA    	 
1152	2001	2001	0062	VOLKSWAGEN	 
1153	2001	2001	0063	VOLVO     	 
857	1994	1994	0062	VOLKSWAGEN	 
858	1994	1994	0063	VOLVO     	 
859	1994	1994	0036	LINCN CONT	Y
860	1994	1994	0044	NISSN/DTSN	Y
861	1994	1994	0053	ROVER     	Y
862	1994	1994	0077	KIA       	 
863	1995	1995	0001	ACURA     	 
864	1995	1995	0002	ALFA ROMEO	 
865	1995	1995	0074	AM GENERAL	Y
866	1995	1995	0006	AUDI      	 
867	1995	1995	0010	BMW       	 
868	1995	1995	0011	BUICK     	 
869	1995	1995	0012	CADILLAC  	 
870	1995	1995	0014	CHEVROLET 	 
871	1995	1995	0015	CHRYSLER  	 
872	1995	1995	0020	DODGE     	 
873	1995	1995	0021	EAGLE     	 
874	1995	1995	0024	FORD      	 
875	1995	1995	0065	GEO       	Y
876	1995	1995	0025	GMC       	 
877	1995	1995	0026	HONDA     	 
878	1995	1995	0027	HYUNDAI   	 
879	1995	1995	0029	INFINITI  	 
880	1995	1995	0031	ISUZU     	 
881	1995	1995	0032	JAGUAR    	 
882	1995	1995	0033	JEEP      	 
883	1995	1995	0075	LAND ROVER	 
884	1995	1995	0035	LEXUS     	 
885	1995	1995	0066	LINCOLN   	 
886	1995	1995	0039	MAZDA     	 
887	1995	1995	0041	MERCURY   	 
888	1995	1995	0043	MITSUBISHI	 
889	1995	1995	0040	MRCDS BENZ	 
890	1995	1995	0067	NISSAN    	 
891	1995	1995	0045	OLDSMOBILE	 
892	1995	1995	0049	PLYMOUTH  	 
893	1995	1995	0050	PONTIAC   	 
894	1995	1995	0051	PORSCHE   	 
895	1995	1995	0054	SAAB      	 
448	1985	1985	0057	SUBARU    	 
449	1985	1985	0060	TVR       	 
450	1985	1985	0061	TOYOTA    	 
451	1985	1985	0062	VOLKSWAGEN	 
452	1985	1985	0063	VOLVO     	 
453	1985	1985	0066	LINCOLN   	 
454	1985	1985	0067	NISSAN    	 
455	1986	1986	0001	ACURA     	 
456	1986	1986	0002	ALFA ROMEO	 
457	1986	1986	0003	AM. MOTORS	 
458	1986	1986	0006	AUDI      	 
459	1986	1986	0009	BERTONE   	 
460	1986	1986	0010	BMW       	 
461	1986	1986	0011	BUICK     	 
462	1986	1986	0012	CADILLAC  	 
463	1986	1986	0014	CHEVROLET 	 
464	1986	1986	0015	CHRYSLER  	 
465	1986	1986	0020	DODGE     	 
466	1986	1986	0022	FERRARI   	 
467	1986	1986	0024	FORD      	 
468	1986	1986	0025	GMC       	 
469	1986	1986	0026	HONDA     	 
470	1986	1986	0027	HYUNDAI   	 
471	1986	1986	0031	ISUZU     	 
472	1986	1986	0032	JAGUAR    	 
473	1986	1986	0033	JEEP      	 
474	1986	1986	0036	LINCN CONT	Y
475	1986	1986	0038	MASERATI  	 
476	1986	1986	0039	MAZDA     	 
477	1986	1986	0040	MRCDS BENZ	 
478	1986	1986	0041	MERCURY   	 
479	1986	1986	0043	MITSUBISHI	 
480	1986	1986	0044	NISSN/DTSN	Y
481	1986	1986	0045	OLDSMOBILE	 
482	1986	1986	0047	PEUGEOT   	 
483	1986	1986	0049	PLYMOUTH  	 
484	1986	1986	0050	PONTIAC   	 
485	1986	1986	0051	PORSCHE   	 
486	1986	1986	0052	RENAULT   	 
487	1986	1986	0054	SAAB      	 
488	1986	1986	0057	SUBARU    	 
489	1986	1986	0058	SUZUKI    	 
490	1986	1986	0060	TVR       	 
491	1986	1986	0061	TOYOTA    	 
492	1986	1986	0062	VOLKSWAGEN	 
493	1986	1986	0063	VOLVO     	 
494	1986	1986	0064	YUGO      	 
495	1986	1986	0069	AUSTIN ROV	Y
496	1986	1986	0066	LINCOLN   	 
497	1986	1986	0067	NISSAN    	 
498	1987	1987	0001	ACURA     	 
499	1987	1987	0002	ALFA ROMEO	 
500	1987	1987	0003	AM. MOTORS	 
501	1987	1987	0006	AUDI      	 
502	1987	1987	0007	AUSTIN    	 
503	1987	1987	0008	AVANTI    	 
504	1987	1987	0009	BERTONE   	 
505	1987	1987	0010	BMW       	 
506	1987	1987	0011	BUICK     	 
507	1987	1987	0012	CADILLAC  	 
508	1987	1987	0014	CHEVROLET 	 
509	1987	1987	0015	CHRYSLER  	 
510	1987	1987	0020	DODGE     	 
511	1987	1987	0022	FERRARI   	 
512	1987	1987	0024	FORD      	 
513	1987	1987	0025	GMC       	 
514	1987	1987	0026	HONDA     	 
515	1987	1987	0027	HYUNDAI   	 
516	1987	1987	0031	ISUZU     	 
517	1987	1987	0032	JAGUAR    	 
518	1987	1987	0033	JEEP      	 
519	1987	1987	0036	LINCN CONT	Y
520	1987	1987	0038	MASERATI  	 
521	1987	1987	0039	MAZDA     	 
522	1987	1987	0040	MRCDS BENZ	 
523	1987	1987	0041	MERCURY   	 
524	1987	1987	0043	MITSUBISHI	 
525	1987	1987	0044	NISSN/DTSN	Y
526	1987	1987	0045	OLDSMOBILE	 
527	1987	1987	0047	PEUGEOT   	 
528	1987	1987	0049	PLYMOUTH  	 
529	1987	1987	0050	PONTIAC   	 
530	1987	1987	0051	PORSCHE   	 
531	1987	1987	0052	RENAULT   	 
532	1987	1987	0053	ROVER     	Y
533	1987	1987	0054	SAAB      	 
534	1987	1987	0057	SUBARU    	 
535	1987	1987	0058	SUZUKI    	 
536	1987	1987	0060	TVR       	 
537	1987	1987	0061	TOYOTA    	 
538	1987	1987	0062	VOLKSWAGEN	 
539	1987	1987	0063	VOLVO     	 
540	1987	1987	0064	YUGO      	 
541	1987	1987	0069	AUSTIN ROV	Y
542	1987	1987	0066	LINCOLN   	 
543	1987	1987	0067	NISSAN    	 
544	1987	1987	0068	RANGE ROVE	 
545	1988	1988	0001	ACURA     	 
546	1988	1988	0002	ALFA ROMEO	 
547	1988	1988	0006	AUDI      	 
548	1988	1988	0007	AUSTIN    	 
549	1988	1988	0008	AVANTI    	 
550	1988	1988	0010	BMW       	 
551	1988	1988	0011	BUICK     	 
552	1988	1988	0012	CADILLAC  	 
553	1988	1988	0014	CHEVROLET 	 
554	1988	1988	0015	CHRYSLER  	 
555	1988	1988	0018	DAIHATSU  	 
556	1988	1988	0020	DODGE     	 
557	1988	1988	0021	EAGLE     	 
558	1988	1988	0022	FERRARI   	 
559	1988	1988	0024	FORD      	 
988	1997	1997	0036	LINCN CONT	Y
989	1997	1997	0044	NISSN/DTSN	Y
990	1997	1997	0053	ROVER     	Y
991	1997	1997	0077	KIA       	 
992	1998	1998	0057	SUBARU    	 
993	1998	1998	0006	AUDI      	 
994	1998	1998	0063	VOLVO     	 
995	1998	1998	0041	MERCURY   	 
996	1998	1998	0045	OLDSMOBILE	 
997	1998	1998	0066	LINCOLN   	 
998	1998	1998	0040	MRCDS BENZ	 
999	1998	1998	0024	FORD      	 
1000	1998	1998	0012	CADILLAC  	 
1001	1998	1998	0010	BMW       	 
1002	1998	1998	0015	CHRYSLER  	 
1003	1998	1998	0020	DODGE     	 
1004	1998	1998	0021	EAGLE     	 
1005	1998	1998	0026	HONDA     	 
1006	1998	1998	0032	JAGUAR    	 
1007	1998	1998	0033	JEEP      	 
1008	1998	1998	0076	MBNZ      	Y
1009	1998	1998	0043	MITSUBISHI	 
1010	1998	1998	0044	NISSN/DTSN	Y
1011	1998	1998	0051	PORSCHE   	 
1012	1998	1998	0061	TOYOTA    	 
1013	1998	1998	0058	SUZUKI    	 
1014	1998	1998	0011	BUICK     	 
1015	1998	1998	0014	CHEVROLET 	 
1016	1998	1998	0029	INFINITI  	 
1017	1998	1998	0031	ISUZU     	 
1018	1998	1998	0035	LEXUS     	 
1019	1998	1998	0050	PONTIAC   	 
1020	1998	1998	0055	SATURN    	 
1021	1998	1998	0025	GMC       	 
1022	1998	1998	0053	ROVER     	Y
1023	1998	1998	0001	ACURA     	 
1024	1998	1998	0039	MAZDA     	 
1025	1998	1998	0067	NISSAN    	 
1026	1998	1998	0054	SAAB      	 
1027	1998	1998	0078	VOLKSWAGON	Y
1028	1998	1998	0027	HYUNDAI   	 
1029	1998	1998	0077	KIA       	 
1030	1998	1998	0049	PLYMOUTH  	 
1031	1998	1998	0062	VOLKSWAGEN	 
1032	1998	1998	0075	LAND ROVER	 
1033	1999	1999	0001	ACURA     	 
1034	1999	1999	0006	AUDI      	 
1035	1999	1999	0010	BMW       	 
1036	1999	1999	0011	BUICK     	 
1037	1999	1999	0012	CADILLAC  	 
1038	1999	1999	0014	CHEVROLET 	 
1039	1999	1999	0015	CHRYSLER  	 
1040	1999	1999	0020	DODGE     	 
1041	1999	1999	0021	EAGLE     	 
1042	1999	1999	0024	FORD      	 
1043	1999	1999	0025	GMC       	 
1044	1999	1999	0026	HONDA     	 
1045	1999	1999	0029	INFINITI  	 
1046	1999	1999	0031	ISUZU     	 
1047	1999	1999	0032	JAGUAR    	 
1048	1999	1999	0033	JEEP      	 
1049	1999	1999	0035	LEXUS     	 
1050	1999	1999	0066	LINCOLN   	 
1051	1999	1999	0039	MAZDA     	 
1052	1999	1999	0076	MBNZ      	Y
1053	1999	1999	0041	MERCURY   	 
1054	1999	1999	0043	MITSUBISHI	 
1055	1999	1999	0040	MRCDS BENZ	 
1056	1999	1999	0067	NISSAN    	 
1057	1999	1999	0044	NISSN/DTSN	Y
1058	1999	1999	0045	OLDSMOBILE	 
1059	1999	1999	0050	PONTIAC   	 
1060	1999	1999	0051	PORSCHE   	 
1061	1999	1999	0053	ROVER     	Y
1062	1999	1999	0054	SAAB      	 
1063	1999	1999	0055	SATURN    	 
1064	1999	1999	0057	SUBARU    	 
1065	1999	1999	0058	SUZUKI    	 
1066	1999	1999	0061	TOYOTA    	 
1067	1999	1999	0078	VOLKSWAGON	Y
1068	1999	1999	0063	VOLVO     	 
1069	1999	1999	0049	PLYMOUTH  	 
1070	1999	1999	0077	KIA       	 
643	1990	1990	0012	CADILLAC  	 
644	1990	1990	0014	CHEVROLET 	 
645	1990	1990	0015	CHRYSLER  	 
646	1990	1990	0018	DAIHATSU  	 
647	1990	1990	0020	DODGE     	 
648	1990	1990	0021	EAGLE     	 
649	1990	1990	0022	FERRARI   	 
650	1990	1990	0024	FORD      	 
651	1990	1990	0025	GMC       	 
652	1990	1990	0026	HONDA     	 
653	1990	1990	0027	HYUNDAI   	 
654	1990	1990	0029	INFINITI  	 
655	1990	1990	0031	ISUZU     	 
656	1990	1990	0032	JAGUAR    	 
657	1990	1990	0033	JEEP      	 
658	1990	1990	0035	LEXUS     	 
659	1990	1990	0036	LINCN CONT	Y
660	1990	1990	0038	MASERATI  	 
661	1990	1990	0039	MAZDA     	 
662	1990	1990	0040	MRCDS BENZ	 
663	1990	1990	0041	MERCURY   	 
664	1990	1990	0043	MITSUBISHI	 
665	1990	1990	0044	NISSN/DTSN	Y
666	1990	1990	0045	OLDSMOBILE	 
667	1990	1990	0047	PEUGEOT   	 
668	1990	1990	0049	PLYMOUTH  	 
669	1990	1990	0050	PONTIAC   	 
670	1990	1990	0051	PORSCHE   	 
671	1990	1990	0053	ROVER     	Y
1	1970	1970	0024	FORD      	Y
2	1975	1975	0003	AM. MOTORS	Y
3	1975	1975	0006	AUDI      	Y
4	1975	1975	0010	BMW       	Y
5	1975	1975	0011	BUICK     	Y
6	1975	1975	0012	CADILLAC  	Y
7	1975	1975	0014	CHEVROLET 	Y
8	1975	1975	0015	CHRYSLER  	Y
9	1975	1975	0016	COLT      	Y
10	1975	1975	0017	CAPRI     	Y
11	1975	1975	0020	DODGE     	Y
12	1975	1975	0023	FIAT      	Y
13	1975	1975	0024	FORD      	Y
14	1975	1975	0025	GMC       	Y
15	1975	1975	0026	HONDA     	Y
16	1975	1975	0028	IMPERIAL  	Y
17	1975	1975	0030	INTERNATNL	Y
18	1975	1975	0032	JAGUAR    	Y
19	1975	1975	0033	JEEP      	Y
20	1975	1975	0036	LINCN CONT	Y
21	1975	1975	0039	MAZDA     	Y
22	1975	1975	0040	MRCDS BENZ	Y
23	1975	1975	0041	MERCURY   	Y
24	1975	1975	0042	MG        	Y
25	1975	1975	0044	NISSN/DTSN	Y
26	1975	1975	0045	OLDSMOBILE	Y
27	1975	1975	0046	OPEL      	Y
28	1975	1975	0047	PEUGEOT   	Y
29	1975	1975	0049	PLYMOUTH  	Y
30	1975	1975	0050	PONTIAC   	Y
31	1975	1975	0051	PORSCHE   	Y
32	1975	1975	0052	RENAULT   	Y
33	1975	1975	0054	SAAB      	Y
34	1975	1975	0057	SUBARU    	Y
35	1975	1975	0059	TRIUMPH   	Y
36	1975	1975	0061	TOYOTA    	Y
37	1975	1975	0062	VOLKSWAGEN	Y
38	1975	1975	0063	VOLVO     	Y
39	1975	1975	0071	BRICKLIN  	Y
40	1975	1975	0070	CHECKER   	Y
41	1975	1975	0002	ALFA ROMEO	Y
42	1975	1975	0005	ASTN MARTN	Y
43	1975	1975	0038	MASERATI  	Y
44	1975	1975	0007	AUSTIN    	Y
45	1975	1975	0072	JENSEN    	Y
46	1975	1975	0066	LINCOLN   	Y
47	1975	1975	0073	DATSUN    	Y
48	1976	1976	0003	AM. MOTORS	Y
49	1976	1976	0006	AUDI      	Y
50	1976	1976	0007	AUSTIN    	Y
51	1976	1976	0010	BMW       	Y
52	1976	1976	0011	BUICK     	Y
53	1976	1976	0012	CADILLAC  	Y
54	1976	1976	0014	CHEVROLET 	Y
224	1980	1980	0013	CHKRMRATHN	Y
225	1980	1980	0014	CHEVROLET 	Y
226	1980	1980	0015	CHRYSLER  	Y
227	1980	1980	0020	DODGE     	Y
228	1980	1980	0022	FERRARI   	Y
229	1980	1980	0023	FIAT      	Y
230	1980	1980	0024	FORD      	Y
231	1980	1980	0025	GMC       	Y
232	1980	1980	0026	HONDA     	Y
233	1980	1980	0030	INTERNATNL	Y
234	1980	1980	0032	JAGUAR    	Y
235	1980	1980	0033	JEEP      	Y
236	1980	1980	0036	LINCN CONT	Y
237	1980	1980	0037	LOTUS     	Y
238	1980	1980	0038	MASERATI  	Y
239	1980	1980	0039	MAZDA     	Y
240	1980	1980	0040	MRCDS BENZ	Y
241	1980	1980	0041	MERCURY   	Y
242	1980	1980	0042	MG        	Y
243	1980	1980	0044	NISSN/DTSN	Y
244	1980	1980	0045	OLDSMOBILE	Y
245	1980	1980	0047	PEUGEOT   	Y
246	1980	1980	0049	PLYMOUTH  	Y
247	1980	1980	0050	PONTIAC   	Y
248	1980	1980	0051	PORSCHE   	Y
249	1980	1980	0052	RENAULT   	Y
250	1980	1980	0053	ROVER     	Y
251	1980	1980	0054	SAAB      	Y
252	1980	1980	0057	SUBARU    	Y
253	1980	1980	0059	TRIUMPH   	Y
254	1980	1980	0061	TOYOTA    	Y
255	1980	1980	0062	VOLKSWAGEN	Y
256	1980	1980	0063	VOLVO     	Y
257	1980	1980	0070	CHECKER   	Y
258	1980	1980	0066	LINCOLN   	Y
259	1980	1980	0073	DATSUN    	Y
260	1981	1981	0002	ALFA ROMEO	 
261	1981	1981	0003	AM. MOTORS	 
262	1981	1981	0006	AUDI      	 
263	1981	1981	0008	AVANTI    	 
264	1981	1981	0010	BMW       	 
265	1981	1981	0011	BUICK     	 
266	1981	1981	0012	CADILLAC  	 
267	1981	1981	0013	CHKRMRATHN	 
268	1981	1981	0014	CHEVROLET 	 
269	1981	1981	0015	CHRYSLER  	 
270	1981	1981	0019	DELOREAN  	Y
271	1981	1981	0020	DODGE     	 
272	1981	1981	0022	FERRARI   	 
273	1981	1981	0023	FIAT      	 
274	1981	1981	0024	FORD      	 
275	1981	1981	0025	GMC       	 
276	1981	1981	0026	HONDA     	 
277	1981	1981	0031	ISUZU     	 
278	1981	1981	0032	JAGUAR    	 
279	1981	1981	0033	JEEP      	 
280	1981	1981	0034	LANCIA    	 
281	1981	1981	0036	LINCN CONT	Y
282	1981	1981	0039	MAZDA     	 
283	1981	1981	0040	MRCDS BENZ	 
284	1981	1981	0041	MERCURY   	 
285	1981	1981	0044	NISSN/DTSN	Y
286	1981	1981	0045	OLDSMOBILE	 
287	1981	1981	0047	PEUGEOT   	 
288	1981	1981	0049	PLYMOUTH  	 
289	1981	1981	0050	PONTIAC   	 
290	1981	1981	0051	PORSCHE   	 
291	1981	1981	0052	RENAULT   	 
292	1981	1981	0054	SAAB      	 
293	1981	1981	0057	SUBARU    	 
294	1981	1981	0059	TRIUMPH   	 
295	1981	1981	0061	TOYOTA    	 
296	1981	1981	0062	VOLKSWAGEN	 
297	1981	1981	0063	VOLVO     	 
298	1981	1981	0070	CHECKER   	Y
299	1981	1981	0066	LINCOLN   	 
300	1981	1981	0073	DATSUN    	Y
301	1982	1982	0002	ALFA ROMEO	 
302	1982	1982	0003	AM. MOTORS	 
303	1982	1982	0006	AUDI      	 
304	1982	1982	0008	AVANTI    	 
305	1982	1982	0010	BMW       	 
306	1982	1982	0011	BUICK     	 
307	1982	1982	0012	CADILLAC  	 
308	1982	1982	0013	CHKRMRATHN	 
309	1982	1982	0014	CHEVROLET 	 
310	1982	1982	0015	CHRYSLER  	 
311	1982	1982	0019	DELOREAN  	Y
312	1982	1982	0020	DODGE     	 
313	1982	1982	0022	FERRARI   	 
314	1982	1982	0023	FIAT      	 
315	1982	1982	0024	FORD      	 
316	1982	1982	0025	GMC       	 
317	1982	1982	0026	HONDA     	 
318	1982	1982	0031	ISUZU     	 
319	1982	1982	0032	JAGUAR    	 
320	1982	1982	0033	JEEP      	 
321	1982	1982	0034	LANCIA    	 
322	1982	1982	0036	LINCN CONT	Y
323	1982	1982	0039	MAZDA     	 
324	1982	1982	0040	MRCDS BENZ	 
325	1982	1982	0041	MERCURY   	 
326	1982	1982	0044	NISSN/DTSN	Y
327	1982	1982	0045	OLDSMOBILE	 
328	1982	1982	0047	PEUGEOT   	 
329	1982	1982	0049	PLYMOUTH  	 
330	1982	1982	0050	PONTIAC   	 
331	1982	1982	0051	PORSCHE   	 
332	1982	1982	0052	RENAULT   	 
333	1982	1982	0054	SAAB      	 
334	1982	1982	0057	SUBARU    	 
335	1982	1982	0061	TOYOTA    	 
336	1982	1982	0062	VOLKSWAGEN	 
337	1982	1982	0063	VOLVO     	 
338	1982	1982	0066	LINCOLN   	 
339	1983	1983	0002	ALFA ROMEO	 
340	1983	1983	0003	AM. MOTORS	 
341	1983	1983	0006	AUDI      	 
342	1983	1983	0008	AVANTI    	 
343	1983	1983	0010	BMW       	 
344	1983	1983	0011	BUICK     	 
345	1983	1983	0012	CADILLAC  	 
774	1992	1992	0039	MAZDA     	 
775	1992	1992	0036	LINCN CONT	Y
776	1992	1992	0044	NISSN/DTSN	Y
777	1992	1992	0053	ROVER     	Y
778	1993	1993	0024	FORD      	 
779	1993	1993	0012	CADILLAC  	 
780	1993	1993	0041	MERCURY   	 
781	1993	1993	0051	PORSCHE   	 
782	1993	1993	0061	TOYOTA    	 
783	1993	1993	0006	AUDI      	 
784	1993	1993	0026	HONDA     	 
785	1993	1993	0029	INFINITI  	 
786	1993	1993	0040	MRCDS BENZ	 
787	1993	1993	0058	SUZUKI    	 
788	1993	1993	0062	VOLKSWAGEN	 
789	1993	1993	0066	LINCOLN   	 
790	1993	1993	0032	JAGUAR    	 
791	1993	1993	0039	MAZDA     	 
792	1993	1993	0054	SAAB      	 
793	1993	1993	0063	VOLVO     	 
794	1993	1993	0074	AM GENERAL	 
795	1993	1993	0014	CHEVROLET 	 
796	1993	1993	0045	OLDSMOBILE	 
797	1993	1993	0035	LEXUS     	 
798	1993	1993	0001	ACURA     	 
799	1993	1993	0002	ALFA ROMEO	 
800	1993	1993	0043	MITSUBISHI	 
801	1993	1993	0050	PONTIAC   	 
802	1993	1993	0055	SATURN    	 
803	1993	1993	0057	SUBARU    	 
804	1993	1993	0011	BUICK     	 
805	1993	1993	0065	GEO       	Y
806	1993	1993	0015	CHRYSLER  	 
807	1993	1993	0021	EAGLE     	 
808	1993	1993	0033	JEEP      	 
809	1993	1993	0067	NISSAN    	 
810	1993	1993	0020	DODGE     	 
811	1993	1993	0049	PLYMOUTH  	 
812	1993	1993	0010	BMW       	 
813	1993	1993	0025	GMC       	 
814	1993	1993	0027	HYUNDAI   	 
815	1993	1993	0031	ISUZU     	 
816	1993	1993	0075	LAND ROVER	 
817	1993	1993	0036	LINCN CONT	Y
818	1993	1993	0044	NISSN/DTSN	Y
819	1993	1993	0053	ROVER     	Y
820	1994	1994	0001	ACURA     	 
821	1994	1994	0002	ALFA ROMEO	 
822	1994	1994	0074	AM GENERAL	 
823	1994	1994	0006	AUDI      	 
824	1994	1994	0010	BMW       	 
825	1994	1994	0011	BUICK     	 
826	1994	1994	0012	CADILLAC  	 
827	1994	1994	0014	CHEVROLET 	 
828	1994	1994	0015	CHRYSLER  	 
829	1994	1994	0020	DODGE     	 
830	1994	1994	0021	EAGLE     	 
831	1994	1994	0024	FORD      	 
832	1994	1994	0065	GEO       	Y
833	1994	1994	0025	GMC       	 
834	1994	1994	0026	HONDA     	 
835	1994	1994	0027	HYUNDAI   	 
836	1994	1994	0029	INFINITI  	 
837	1994	1994	0031	ISUZU     	 
838	1994	1994	0032	JAGUAR    	 
839	1994	1994	0033	JEEP      	 
840	1994	1994	0075	LAND ROVER	 
841	1994	1994	0035	LEXUS     	 
842	1994	1994	0066	LINCOLN   	 
843	1994	1994	0039	MAZDA     	 
844	1994	1994	0041	MERCURY   	 
845	1994	1994	0043	MITSUBISHI	 
846	1994	1994	0040	MRCDS BENZ	 
847	1994	1994	0067	NISSAN    	 
848	1994	1994	0045	OLDSMOBILE	 
849	1994	1994	0049	PLYMOUTH  	 
850	1994	1994	0050	PONTIAC   	 
851	1994	1994	0051	PORSCHE   	 
852	1994	1994	0054	SAAB      	 
853	1994	1994	0055	SATURN    	 
854	1994	1994	0057	SUBARU    	 
855	1994	1994	0058	SUZUKI    	 
856	1994	1994	0061	TOYOTA    	 
429	1985	1985	0026	HONDA     	 
430	1985	1985	0031	ISUZU     	 
431	1985	1985	0032	JAGUAR    	 
432	1985	1985	0033	JEEP      	 
433	1985	1985	0036	LINCN CONT	Y
434	1985	1985	0038	MASERATI  	 
435	1985	1985	0039	MAZDA     	 
436	1985	1985	0040	MRCDS BENZ	 
437	1985	1985	0041	MERCURY   	 
438	1985	1985	0043	MITSUBISHI	 
439	1985	1985	0044	NISSN/DTSN	Y
440	1985	1985	0045	OLDSMOBILE	 
441	1985	1985	0047	PEUGEOT   	 
442	1985	1985	0048	PINIFORNIA	Y
443	1985	1985	0049	PLYMOUTH  	 
444	1985	1985	0050	PONTIAC   	 
445	1985	1985	0051	PORSCHE   	 
446	1985	1985	0052	RENAULT   	 
447	1985	1985	0054	SAAB      	 
1345	2006	2006	0041	MERCURY   	 
1346	2006	2006	0081	MINI      	 
1347	2006	2006	0067	NISSAN    	 
1348	2006	2006	0045	OLDSMOBILE	 
1349	2006	2006	0051	PORSCHE   	 
1350	2006	2006	0054	SAAB      	 
1351	2006	2006	0082	SCION     	 
1352	2006	2006	0057	SUBARU    	 
1353	2006	2006	0058	SUZUKI    	 
1354	2006	2006	0062	VOLKSWAGEN	 
1355	2006	2006	0063	VOLVO     	 
1356	2007	2007	0026	HONDA     	 
1357	2007	2007	0040	MRCDS BENZ	 
1358	2007	2007	0001	ACURA     	 
1359	2007	2007	0006	AUDI      	 
1360	2007	2007	0083	AUDI A8   	Y
1361	2007	2007	0010	BMW       	 
1362	2007	2007	0011	BUICK     	 
1363	2007	2007	0012	CADILLAC  	 
1364	2007	2007	0014	CHEVROLET 	 
1365	2007	2007	0015	CHRYSLER  	 
1366	2007	2007	0020	DODGE     	 
1367	2007	2007	0024	FORD      	 
1368	2007	2007	0025	GMC       	 
1369	2007	2007	0074	HUMMER    	 
1370	2007	2007	0027	HYUNDAI   	 
1371	2007	2007	0029	INFINITI  	 
1372	2007	2007	0031	ISUZU     	 
1373	2007	2007	0032	JAGUAR    	 
1374	2007	2007	0033	JEEP      	 
1375	2007	2007	0077	KIA       	 
1376	2007	2007	0075	LAND ROVER	 
1377	2007	2007	0035	LEXUS     	 
1378	2007	2007	0066	LINCOLN   	 
1379	2007	2007	0039	MAZDA     	 
1380	2007	2007	0041	MERCURY   	 
1381	2007	2007	0081	MINI      	 
1382	2007	2007	0043	MITSUBISHI	 
1383	2007	2007	0067	NISSAN    	 
1384	2007	2007	0045	OLDSMOBILE	 
1385	2007	2007	0050	PONTIAC   	 
1386	2007	2007	0051	PORSCHE   	 
1387	2007	2007	0054	SAAB      	 
1388	2007	2007	0055	SATURN    	 
1389	2007	2007	0082	SCION     	 
1390	2007	2007	0057	SUBARU    	 
1391	2007	2007	0058	SUZUKI    	 
1392	2007	2007	0061	TOYOTA    	 
1393	2007	2007	0062	VOLKSWAGEN	 
1394	2007	2007	0063	VOLVO     	 
1395	2008	2008	0001	ACURA     	 
1396	2008	2008	0006	AUDI      	 
1397	2008	2008	0083	AUDI A8   	Y
1398	2008	2008	0010	BMW       	 
1399	2008	2008	0011	BUICK     	 
1400	2008	2008	0012	CADILLAC  	 
1401	2008	2008	0014	CHEVROLET 	 
1402	2008	2008	0015	CHRYSLER  	 
1403	2008	2008	0020	DODGE     	 
1404	2008	2008	0024	FORD      	 
1405	2008	2008	0025	GMC       	 
1406	2008	2008	0026	HONDA     	 
1407	2008	2008	0074	HUMMER    	 
1408	2008	2008	0027	HYUNDAI   	 
1409	2008	2008	0029	INFINITI  	 
1410	2008	2008	0031	ISUZU     	 
1411	2008	2008	0032	JAGUAR    	 
1412	2008	2008	0033	JEEP      	 
1413	2008	2008	0077	KIA       	 
1414	2008	2008	0075	LAND ROVER	 
1415	2008	2008	0035	LEXUS     	 
1416	2008	2008	0066	LINCOLN   	 
1417	2008	2008	0039	MAZDA     	 
1418	2008	2008	0041	MERCURY   	 
1419	2008	2008	0081	MINI      	 
1420	2008	2008	0043	MITSUBISHI	 
1421	2008	2008	0040	MRCDS BENZ	 
1422	2008	2008	0067	NISSAN    	 
1423	2008	2008	0045	OLDSMOBILE	 
1424	2008	2008	0050	PONTIAC   	 
1425	2008	2008	0051	PORSCHE   	 
1426	2008	2008	0054	SAAB      	 
1427	2008	2008	0055	SATURN    	 
1428	2008	2008	0082	SCION     	 
1429	2008	2008	0057	SUBARU    	 
1430	2008	2008	0058	SUZUKI    	 
1431	2008	2008	0061	TOYOTA    	 
1432	2008	2008	0062	VOLKSWAGEN	 
1433	2008	2008	0063	VOLVO     	 
1434	2009	2009	0001	ACURA     	 
1435	2009	2009	0006	AUDI      	 
1436	2009	2009	0083	AUDI A8   	Y
1437	2009	2009	0010	BMW       	 
1438	2009	2009	0011	BUICK     	 
1439	2009	2009	0012	CADILLAC  	 
1440	2009	2009	0014	CHEVROLET 	 
1441	2009	2009	0015	CHRYSLER  	 
1442	2009	2009	0020	DODGE     	 
1443	2009	2009	0024	FORD      	 
1444	2009	2009	0025	GMC       	 
1445	2009	2009	0026	HONDA     	 
1446	2009	2009	0074	HUMMER    	 
1447	2009	2009	0027	HYUNDAI   	 
1448	2009	2009	0029	INFINITI  	 
1449	2009	2009	0031	ISUZU     	 
1450	2009	2009	0032	JAGUAR    	 
1451	2009	2009	0033	JEEP      	 
1452	2009	2009	0077	KIA       	 
1453	2009	2009	0075	LAND ROVER	 
1454	2009	2009	0035	LEXUS     	 
1455	2009	2009	0066	LINCOLN   	 
1456	2009	2009	0039	MAZDA     	 
1457	2009	2009	0041	MERCURY   	 
1458	2009	2009	0081	MINI      	 
1459	2009	2009	0043	MITSUBISHI	 
1460	2009	2009	0040	MRCDS BENZ	 
1461	2009	2009	0067	NISSAN    	 
1462	2009	2009	0045	OLDSMOBILE	 
1463	2009	2009	0050	PONTIAC   	 
1464	2009	2009	0051	PORSCHE   	 
1465	2009	2009	0054	SAAB      	 
1466	2009	2009	0055	SATURN    	 
1467	2009	2009	0082	SCION     	 
1468	2009	2009	0057	SUBARU    	 
1469	2009	2009	0058	SUZUKI    	 
1470	2009	2009	0061	TOYOTA    	 
1471	2009	2009	0062	VOLKSWAGEN	 
1472	2009	2009	0063	VOLVO     	 
1473	2010	2010	0001	ACURA     	 
1474	2010	2010	0006	AUDI      	 
1475	2010	2010	0083	AUDI A8   	Y
1476	2010	2010	0010	BMW       	 
1477	2010	2010	0011	BUICK     	 
1478	2010	2010	0012	CADILLAC  	 
1479	2010	2010	0014	CHEVROLET 	 
1480	2010	2010	0015	CHRYSLER  	 
1481	2010	2010	0020	DODGE     	 
1482	2010	2010	0024	FORD      	 
1483	2010	2010	0025	GMC       	 
1484	2010	2010	0026	HONDA     	 
1485	2010	2010	0074	HUMMER    	 
1486	2010	2010	0027	HYUNDAI   	 
1487	2010	2010	0029	INFINITI  	 
1488	2010	2010	0031	ISUZU     	 
1489	2010	2010	0032	JAGUAR    	 
1490	2010	2010	0033	JEEP      	 
1491	2010	2010	0077	KIA       	 
1492	2010	2010	0075	LAND ROVER	 
1493	2010	2010	0035	LEXUS     	 
1494	2010	2010	0066	LINCOLN   	 
1495	2010	2010	0039	MAZDA     	 
1496	2010	2010	0041	MERCURY   	 
1497	2010	2010	0081	MINI      	 
1498	2010	2010	0043	MITSUBISHI	 
1499	2010	2010	0040	MRCDS BENZ	 
1500	2010	2010	0067	NISSAN    	 
1501	2010	2010	0045	OLDSMOBILE	 
1502	2010	2010	0050	PONTIAC   	 
1503	2010	2010	0051	PORSCHE   	 
1504	2010	2010	0054	SAAB      	 
1505	2010	2010	0055	SATURN    	 
1506	2010	2010	0082	SCION     	 
1507	2010	2010	0057	SUBARU    	 
1508	2010	2010	0058	SUZUKI    	 
1509	2010	2010	0061	TOYOTA    	 
1510	2010	2010	0062	VOLKSWAGEN	 
1511	2010	2010	0063	VOLVO     	 
1512	2010	2010	0084	SMART     	 
1513	2009	2009	0084	SMART     	 
1514	2008	2008	0084	SMART     	 
896	1995	1995	0055	SATURN    	 
897	1995	1995	0057	SUBARU    	 
898	1995	1995	0058	SUZUKI    	 
899	1995	1995	0061	TOYOTA    	 
900	1995	1995	0062	VOLKSWAGEN	 
901	1995	1995	0063	VOLVO     	 
902	1995	1995	0044	NISSN/DTSN	Y
903	1995	1995	0036	LINCN CONT	Y
904	1995	1995	0053	ROVER     	Y
905	1995	1995	0077	KIA       	 
906	1996	1996	0001	ACURA     	 
907	1996	1996	0002	ALFA ROMEO	 
908	1996	1996	0074	AM GENERAL	Y
909	1996	1996	0006	AUDI      	 
910	1996	1996	0010	BMW       	 
911	1996	1996	0011	BUICK     	 
912	1996	1996	0012	CADILLAC  	 
913	1996	1996	0014	CHEVROLET 	 
914	1996	1996	0015	CHRYSLER  	 
915	1996	1996	0020	DODGE     	 
916	1996	1996	0021	EAGLE     	 
917	1996	1996	0024	FORD      	 
918	1996	1996	0065	GEO       	Y
919	1996	1996	0025	GMC       	 
920	1996	1996	0026	HONDA     	 
921	1996	1996	0027	HYUNDAI   	 
922	1996	1996	0029	INFINITI  	 
923	1996	1996	0031	ISUZU     	 
924	1996	1996	0032	JAGUAR    	 
925	1996	1996	0033	JEEP      	 
926	1996	1996	0075	LAND ROVER	 
927	1996	1996	0035	LEXUS     	 
928	1996	1996	0066	LINCOLN   	 
929	1996	1996	0039	MAZDA     	 
930	1996	1996	0041	MERCURY   	 
931	1996	1996	0043	MITSUBISHI	 
932	1996	1996	0040	MRCDS BENZ	 
933	1996	1996	0067	NISSAN    	 
934	1996	1996	0045	OLDSMOBILE	 
935	1996	1996	0049	PLYMOUTH  	 
936	1996	1996	0050	PONTIAC   	 
937	1996	1996	0051	PORSCHE   	 
938	1996	1996	0054	SAAB      	 
939	1996	1996	0055	SATURN    	 
940	1996	1996	0057	SUBARU    	 
941	1996	1996	0058	SUZUKI    	 
942	1996	1996	0061	TOYOTA    	 
943	1996	1996	0062	VOLKSWAGEN	 
944	1996	1996	0063	VOLVO     	 
945	1996	1996	0036	LINCN CONT	Y
946	1996	1996	0044	NISSN/DTSN	Y
947	1996	1996	0053	ROVER     	Y
948	1996	1996	0077	KIA       	 
949	1997	1997	0001	ACURA     	 
1569	2012	2012	0029	INFINITI  	 
1570	2012	2012	0031	ISUZU     	 
1571	2012	2012	0032	JAGUAR    	 
1572	2012	2012	0033	JEEP      	 
1573	2012	2012	0077	KIA       	 
1574	2012	2012	0075	LAND ROVER	 
1575	2012	2012	0035	LEXUS     	 
1576	2012	2012	0066	LINCOLN   	 
1577	2012	2012	0039	MAZDA     	 
1578	2012	2012	0041	MERCURY   	 
1579	2012	2012	0081	MINI      	 
1580	2012	2012	0043	MITSUBISHI	 
1581	2012	2012	0040	MRCDS BENZ	 
1582	2012	2012	0067	NISSAN    	 
1583	2012	2012	0045	OLDSMOBILE	 
1584	2012	2012	0050	PONTIAC   	 
1585	2012	2012	0051	PORSCHE   	 
1586	2012	2012	0054	SAAB      	 
1587	2012	2012	0055	SATURN    	 
1588	2012	2012	0082	SCION     	 
1589	2012	2012	0084	SMART     	 
1590	2012	2012	0057	SUBARU    	 
1591	2012	2012	0058	SUZUKI    	 
1592	2012	2012	0061	TOYOTA    	 
1593	2012	2012	0062	VOLKSWAGEN	 
1594	2012	2012	0063	VOLVO     	 
1595	2012	2012	0023	FIAT      	 
1596	2013	2013	0001	ACURA     	 
1597	2013	2013	0006	AUDI      	 
1598	2013	2013	0010	BMW       	 
1599	2013	2013	0011	BUICK     	 
1600	2013	2013	0012	CADILLAC  	 
1601	2013	2013	0014	CHEVROLET 	 
1602	2013	2013	0015	CHRYSLER  	 
1603	2013	2013	0020	DODGE     	 
1604	2013	2013	0023	FIAT      	 
1605	2013	2013	0024	FORD      	 
1606	2013	2013	0025	GMC       	 
1607	2013	2013	0026	HONDA     	 
1608	2013	2013	0074	HUMMER    	 
1609	2013	2013	0027	HYUNDAI   	 
1610	2013	2013	0029	INFINITI  	 
1611	2013	2013	0031	ISUZU     	 
1612	2013	2013	0032	JAGUAR    	 
1613	2013	2013	0033	JEEP      	 
1614	2013	2013	0077	KIA       	 
1615	2013	2013	0075	LAND ROVER	 
1616	2013	2013	0035	LEXUS     	 
1617	2013	2013	0066	LINCOLN   	 
1618	2013	2013	0039	MAZDA     	 
1619	2013	2013	0041	MERCURY   	 
1620	2013	2013	0081	MINI      	 
1621	2013	2013	0043	MITSUBISHI	 
1622	2013	2013	0040	MRCDS BENZ	 
1623	2013	2013	0067	NISSAN    	 
1624	2013	2013	0045	OLDSMOBILE	 
1625	2013	2013	0050	PONTIAC   	 
1626	2013	2013	0051	PORSCHE   	 
1627	2013	2013	0054	SAAB      	 
1628	2013	2013	0055	SATURN    	 
1629	2013	2013	0082	SCION     	 
1630	2013	2013	0084	SMART     	 
1631	2013	2013	0057	SUBARU    	 
1632	2013	2013	0058	SUZUKI    	 
1633	2013	2013	0061	TOYOTA    	 
1634	2013	2013	0062	VOLKSWAGEN	 
1635	2013	2013	0063	VOLVO     	 
1636	2014	2014	0001	ACURA     	 
1637	2014	2014	0006	AUDI      	 
1638	2014	2014	0010	BMW       	 
1639	2014	2014	0011	BUICK     	 
1640	2014	2014	0012	CADILLAC  	 
1641	2014	2014	0014	CHEVROLET 	 
1642	2014	2014	0015	CHRYSLER  	 
1643	2014	2014	0020	DODGE     	 
1644	2014	2014	0023	FIAT      	 
1645	2014	2014	0024	FORD      	 
1646	2014	2014	0025	GMC       	 
1647	2014	2014	0026	HONDA     	 
1648	2014	2014	0074	HUMMER    	 
1649	2014	2014	0027	HYUNDAI   	 
1650	2014	2014	0029	INFINITI  	 
1651	2014	2014	0031	ISUZU     	 
1652	2014	2014	0032	JAGUAR    	 
1653	2014	2014	0033	JEEP      	 
1654	2014	2014	0077	KIA       	 
1655	2014	2014	0075	LAND ROVER	 
1656	2014	2014	0035	LEXUS     	 
1657	2014	2014	0066	LINCOLN   	 
1658	2014	2014	0039	MAZDA     	 
1659	2014	2014	0041	MERCURY   	 
1660	2014	2014	0081	MINI      	 
1661	2014	2014	0043	MITSUBISHI	 
1662	2014	2014	0040	MRCDS BENZ	 
1663	2014	2014	0067	NISSAN    	 
1664	2014	2014	0045	OLDSMOBILE	 
1665	2014	2014	0050	PONTIAC   	 
1666	2014	2014	0051	PORSCHE   	 
1667	2014	2014	0054	SAAB      	 
1668	2014	2014	0055	SATURN    	 
1669	2014	2014	0082	SCION     	 
1670	2014	2014	0084	SMART     	 
1671	2014	2014	0057	SUBARU    	 
1672	2014	2014	0058	SUZUKI    	 
1673	2014	2014	0061	TOYOTA    	 
1674	2014	2014	0062	VOLKSWAGEN	 
1675	2014	2014	0063	VOLVO     	 
1676	2013	2013	0085	RAM       	 
1677	2014	2014	0085	RAM       	 
55	1976	1976	0015	CHRYSLER  	Y
56	1976	1976	0016	COLT      	Y
57	1976	1976	0017	CAPRI     	Y
58	1976	1976	0020	DODGE     	Y
59	1976	1976	0023	FIAT      	Y
60	1976	1976	0024	FORD      	Y
61	1976	1976	0025	GMC       	Y
62	1976	1976	0026	HONDA     	Y
63	1976	1976	0030	INTERNATNL	Y
64	1976	1976	0032	JAGUAR    	Y
65	1976	1976	0033	JEEP      	Y
66	1976	1976	0036	LINCN CONT	Y
67	1976	1976	0039	MAZDA     	Y
68	1976	1976	0040	MRCDS BENZ	Y
69	1976	1976	0041	MERCURY   	Y
70	1976	1976	0042	MG        	Y
71	1976	1976	0044	NISSN/DTSN	Y
72	1976	1976	0045	OLDSMOBILE	Y
73	1976	1976	0046	OPEL      	Y
74	1976	1976	0049	PLYMOUTH  	Y
75	1976	1976	0050	PONTIAC   	Y
76	1976	1976	0051	PORSCHE   	Y
77	1976	1976	0052	RENAULT   	Y
78	1976	1976	0054	SAAB      	Y
79	1976	1976	0057	SUBARU    	Y
80	1976	1976	0059	TRIUMPH   	Y
81	1976	1976	0061	TOYOTA    	Y
82	1976	1976	0062	VOLKSWAGEN	Y
83	1976	1976	0063	VOLVO     	Y
84	1976	1976	0066	LINCOLN   	Y
85	1976	1976	0073	DATSUN    	Y
86	1977	1977	0003	AM. MOTORS	Y
87	1977	1977	0005	ASTN MARTN	Y
88	1977	1977	0006	AUDI      	Y
89	1977	1977	0010	BMW       	Y
90	1977	1977	0011	BUICK     	Y
91	1977	1977	0012	CADILLAC  	Y
92	1977	1977	0014	CHEVROLET 	Y
93	1977	1977	0015	CHRYSLER  	Y
94	1977	1977	0017	CAPRI     	Y
95	1977	1977	0020	DODGE     	Y
96	1977	1977	0023	FIAT      	Y
97	1977	1977	0024	FORD      	Y
98	1977	1977	0025	GMC       	Y
99	1977	1977	0026	HONDA     	Y
100	1977	1977	0030	INTERNATNL	Y
101	1977	1977	0032	JAGUAR    	Y
102	1977	1977	0033	JEEP      	Y
103	1977	1977	0036	LINCN CONT	Y
104	1977	1977	0037	LOTUS     	Y
105	1977	1977	0039	MAZDA     	Y
106	1977	1977	0040	MRCDS BENZ	Y
107	1977	1977	0041	MERCURY   	Y
108	1977	1977	0042	MG        	Y
109	1977	1977	0044	NISSN/DTSN	Y
110	1977	1977	0045	OLDSMOBILE	Y
111	1977	1977	0047	PEUGEOT   	Y
112	1977	1977	0049	PLYMOUTH  	Y
113	1977	1977	0050	PONTIAC   	Y
114	1977	1977	0051	PORSCHE   	Y
115	1977	1977	0052	RENAULT   	Y
116	1977	1977	0054	SAAB      	Y
117	1977	1977	0057	SUBARU    	Y
118	1977	1977	0059	TRIUMPH   	Y
119	1977	1977	0061	TOYOTA    	Y
120	1977	1977	0062	VOLKSWAGEN	Y
121	1977	1977	0063	VOLVO     	Y
122	1977	1977	0070	CHECKER   	Y
123	1977	1977	0002	ALFA ROMEO	Y
124	1977	1977	0007	AUSTIN    	Y
125	1977	1977	0034	LANCIA    	Y
126	1977	1977	0038	MASERATI  	Y
127	1977	1977	0053	ROVER     	Y
128	1977	1977	0060	TVR       	Y
129	1977	1977	0066	LINCOLN   	Y
130	1977	1977	0073	DATSUN    	Y
131	1978	1978	0003	AM. MOTORS	Y
132	1978	1978	0005	ASTN MARTN	Y
133	1978	1978	0006	AUDI      	Y
134	1978	1978	0010	BMW       	Y
135	1978	1978	0011	BUICK     	Y
136	1978	1978	0012	CADILLAC  	Y
137	1978	1978	0014	CHEVROLET 	Y
138	1978	1978	0015	CHRYSLER  	Y
139	1978	1978	0020	DODGE     	Y
140	1978	1978	0023	FIAT      	Y
141	1978	1978	0024	FORD      	Y
142	1978	1978	0025	GMC       	Y
143	1978	1978	0026	HONDA     	Y
144	1978	1978	0030	INTERNATNL	Y
145	1978	1978	0032	JAGUAR    	Y
146	1978	1978	0033	JEEP      	Y
147	1978	1978	0036	LINCN CONT	Y
148	1978	1978	0037	LOTUS     	Y
149	1978	1978	0039	MAZDA     	Y
150	1978	1978	0040	MRCDS BENZ	Y
151	1978	1978	0041	MERCURY   	Y
152	1978	1978	0042	MG        	Y
153	1978	1978	0044	NISSN/DTSN	Y
154	1978	1978	0045	OLDSMOBILE	Y
155	1978	1978	0046	OPEL      	Y
156	1978	1978	0047	PEUGEOT   	Y
157	1978	1978	0049	PLYMOUTH  	Y
158	1978	1978	0050	PONTIAC   	Y
159	1978	1978	0051	PORSCHE   	Y
160	1978	1978	0052	RENAULT   	Y
161	1978	1978	0054	SAAB      	Y
162	1978	1978	0057	SUBARU    	Y
163	1978	1978	0059	TRIUMPH   	Y
164	1978	1978	0061	TOYOTA    	Y
165	1978	1978	0062	VOLKSWAGEN	Y
166	1978	1978	0063	VOLVO     	Y
167	1978	1978	0070	CHECKER   	Y
168	1978	1978	0060	TVR       	Y
169	1978	1978	0002	ALFA ROMEO	Y
170	1978	1978	0038	MASERATI  	Y
171	1978	1978	0034	LANCIA    	Y
172	1978	1978	0066	LINCOLN   	Y
173	1978	1978	0073	DATSUN    	Y
174	1979	1979	0003	AM. MOTORS	Y
175	1979	1979	0005	ASTN MARTN	Y
176	1979	1979	0006	AUDI      	Y
177	1979	1979	0010	BMW       	Y
178	1979	1979	0011	BUICK     	Y
179	1979	1979	0012	CADILLAC  	Y
180	1979	1979	0014	CHEVROLET 	Y
181	1979	1979	0015	CHRYSLER  	Y
182	1979	1979	0020	DODGE     	Y
183	1979	1979	0023	FIAT      	Y
184	1979	1979	0024	FORD      	Y
185	1979	1979	0025	GMC       	Y
186	1979	1979	0026	HONDA     	Y
187	1979	1979	0030	INTERNATNL	Y
188	1979	1979	0032	JAGUAR    	Y
189	1979	1979	0033	JEEP      	Y
190	1979	1979	0036	LINCN CONT	Y
191	1979	1979	0037	LOTUS     	Y
192	1979	1979	0039	MAZDA     	Y
193	1979	1979	0040	MRCDS BENZ	Y
194	1979	1979	0041	MERCURY   	Y
195	1979	1979	0042	MG        	Y
196	1979	1979	0044	NISSN/DTSN	Y
197	1979	1979	0045	OLDSMOBILE	Y
198	1979	1979	0047	PEUGEOT   	Y
199	1979	1979	0049	PLYMOUTH  	Y
200	1979	1979	0050	PONTIAC   	Y
201	1979	1979	0051	PORSCHE   	Y
202	1979	1979	0052	RENAULT   	Y
203	1979	1979	0054	SAAB      	Y
204	1979	1979	0057	SUBARU    	Y
205	1979	1979	0059	TRIUMPH   	Y
206	1979	1979	0061	TOYOTA    	Y
207	1979	1979	0062	VOLKSWAGEN	Y
208	1979	1979	0063	VOLVO     	Y
209	1979	1979	0070	CHECKER   	Y
210	1979	1979	0002	ALFA ROMEO	Y
211	1979	1979	0060	TVR       	Y
212	1979	1979	0034	LANCIA    	Y
213	1979	1979	0038	MASERATI  	Y
214	1979	1979	0066	LINCOLN   	Y
1156	2002	2002	0006	AUDI      	 
1157	2002	2002	0010	BMW       	 
1158	2002	2002	0011	BUICK     	 
1159	2002	2002	0012	CADILLAC  	 
1160	2002	2002	0014	CHEVROLET 	 
1161	2002	2002	0015	CHRYSLER  	 
1162	2002	2002	0079	DAEWOO    	 
1163	2002	2002	0080	DAEWOOD   	Y
1164	2002	2002	0020	DODGE     	 
1165	2002	2002	0024	FORD      	 
1166	2002	2002	0025	GMC       	 
1167	2002	2002	0026	HONDA     	 
1168	2002	2002	0027	HYUNDAI   	 
1169	2002	2002	0029	INFINITI  	 
1170	2002	2002	0031	ISUZU     	 
1171	2002	2002	0032	JAGUAR    	 
1172	2002	2002	0033	JEEP      	 
1173	2002	2002	0077	KIA       	 
1174	2002	2002	0075	LAND ROVER	 
1175	2002	2002	0035	LEXUS     	 
1176	2002	2002	0066	LINCOLN   	 
1177	2002	2002	0039	MAZDA     	 
1178	2002	2002	0041	MERCURY   	 
1179	2002	2002	0043	MITSUBISHI	 
1180	2002	2002	0040	MRCDS BENZ	 
1181	2002	2002	0067	NISSAN    	 
1182	2002	2002	0045	OLDSMOBILE	 
1183	2002	2002	0049	PLYMOUTH  	 
1184	2002	2002	0050	PONTIAC   	 
1185	2002	2002	0051	PORSCHE   	 
1186	2002	2002	0054	SAAB      	 
1187	2002	2002	0055	SATURN    	 
1188	2002	2002	0057	SUBARU    	 
1189	2002	2002	0058	SUZUKI    	 
1190	2002	2002	0061	TOYOTA    	 
1191	2002	2002	0062	VOLKSWAGEN	 
1192	2002	2002	0063	VOLVO     	 
1193	1983	1983	0067	NISSAN    	 
1195	1981	1981	0067	NISSAN    	 
1197	1979	1979	0067	NISSAN    	Y
1199	1977	1977	0067	NISSAN    	Y
1201	1975	1975	0067	NISSAN    	Y
1202	2002	2002	0081	MINI      	 
1204	2003	2003	0006	AUDI      	 
1206	2003	2003	0011	BUICK     	 
1208	2003	2003	0014	CHEVROLET 	 
1210	2003	2003	0079	DAEWOO    	 
1240	2003	2003	0074	HUMMER    	 
346	1983	1983	0014	CHEVROLET 	 
347	1983	1983	0015	CHRYSLER  	 
348	1983	1983	0020	DODGE     	 
349	1983	1983	0022	FERRARI   	 
350	1983	1983	0023	FIAT      	 
351	1983	1983	0024	FORD      	 
352	1983	1983	0025	GMC       	 
353	1983	1983	0026	HONDA     	 
354	1983	1983	0031	ISUZU     	 
355	1983	1983	0032	JAGUAR    	 
356	1983	1983	0033	JEEP      	 
357	1983	1983	0036	LINCN CONT	Y
358	1983	1983	0039	MAZDA     	 
359	1983	1983	0040	MRCDS BENZ	 
360	1983	1983	0041	MERCURY   	 
361	1983	1983	0043	MITSUBISHI	 
